No,Stimulation,Intensity,Kassei,Hikassei,Kai,Fukai,Type
0,FIRSTQUESTION,13.25,35.5,31.25,11.75,8.0,50.0
1,Odorless,7.75,27.75,34.25,13.0,6.5,49.75
0,FIRSTQUESTION,7.25,25.5,34.5,9.25,4.75,50.0
2,Weak,47.5,44.75,29.75,6.25,66.25,30.0
0,FIRSTQUESTION,8.25,30.0,34.75,15.5,7.75,51.5
3,Strong,88.5,85.0,26.25,3.25,85.0,4.5
0,FIRSTQUESTION
0,FIRSTQUESTION,11.0,35.0,32.5,10.25,4.75,50.0
4,Strong,68.5,58.5,17.75,7.5,66.5,25.5
0,FIRSTQUESTION,14.5,26.0,38.5,14.25,2.5,52.25
5,Odorless,11.5,24.75,45.75,22.0,32.0,43.0
0,FIRSTQUESTION,11.25,31.5,43.0,12.75,5.75,50.0
6,Weak,33.25,44.75,21.25,6.75,53.0,32.5
0,FIRSTQUESTION
0,FIRSTQUESTION,6.0,37.0,32.5,10.0,3.75,50.25
7,Weak,38.75,52.25,18.0,4.0,58.25,32.5
0,FIRSTQUESTION,9.25,29.5,40.75,9.25,8.5,52.0
8,Strong,84.0,63.75,3.75,3.5,84.0,4.5
0,FIRSTQUESTION,16.5,37.75,50.25,11.75,9.75,51.25
9,Odorless,6.5,37.75,29.75,5.75,4.75,51.5
0,FIRSTQUESTION