No,Stimulation,Intensity,Kassei,Hikassei,Kai,Fukai,Type
0,FIRSTQUESTION,8.25,47.75,56.0,48.5,10.25,66.25
1,Odorless,48.5,38.75,49.0,54.75,38.5,55.75
0,FIRSTQUESTION,48.75,36.0,76.75,51.75,19.75,49.75
2,Strong,83.0,81.25,6.0,75.25,28.25,74.5
0,FIRSTQUESTION,0.5,51.5,67.5,50.5,32.0,49.5
3,Weak,64.5,59.0,40.0,59.0,36.75,68.5
0,FIRSTQUESTION
0,FIRSTQUESTION,0.0,45.5,57.75,44.75,14.0,50.0
4,Weak,58.25,56.0,38.25,64.75,28.5,72.0
0,FIRSTQUESTION,0.25,44.25,59.75,43.75,36.75,50.0
5,Odorless,0.0,42.75,37.0,38.75,21.0,49.5
0,FIRSTQUESTION,0.5,39.5,56.5,37.5,16.0,48.5
6,Strong,86.25,85.75,13.75,70.25,16.75,77.25
0,FIRSTQUESTION
0,FIRSTQUESTION,0.0,41.25,62.0,38.75,31.5,51.5
7,Weak,62.5,57.25,40.75,58.0,20.75,70.0
0,FIRSTQUESTION,0.25,40.5,59.5,37.75,37.0,50.0
8,Strong,81.0,76.75,29.75,75.0,25.75,72.25
0,FIRSTQUESTION,0.0,42.5,42.5,43.25,41.75,50.0
9,Odorless,0.5,43.5,50.5,43.75,39.25,50.0
0,FIRSTQUESTION