No,Stimulation,Intensity,Kassei,Hikassei,Kai,Fukai,Type
0,FIRSTQUESTION,3.5,19.0,55.25,46.75,15.75,50.0
1,Odorless,8.5,18.75,40.75,40.75,13.5,50.0
0,FIRSTQUESTION,15.0,16.5,51.25,56.75,11.75,50.0
2,Strong,69.0,90.75,25.25,33.75,71.0,67.0
0,FIRSTQUESTION,61.25,56.0,29.25,47.0,48.0,52.0
3,Weak,45.25,62.25,35.5,78.0,11.5,70.75
0,FIRSTQUESTION
0,FIRSTQUESTION,1.25,2.25,7.5,34.75,6.5,50.0
4,Weak,22.75,17.25,21.5,47.5,11.75,50.0
0,FIRSTQUESTION,29.25,30.0,27.5,47.75,6.0,49.5
5,Odorless,25.25,22.75,14.5,49.5,7.5,50.0
0,FIRSTQUESTION,19.5,9.75,23.0,17.0,6.25,50.0
6,Strong,64.25,80.25,14.25,42.0,30.75,70.25
0,FIRSTQUESTION
0,FIRSTQUESTION,19.0,14.0,31.75,41.5,6.25,50.0
7,Strong,60.5,67.5,12.75,41.0,35.25,74.0
0,FIRSTQUESTION,18.25,19.25,33.5,58.25,3.0,50.0
8,Weak,41.5,57.0,23.5,60.0,13.25,69.75
0,FIRSTQUESTION,25.0,15.5,36.0,45.75,8.75,50.0
9,Odorless,18.0,20.75,61.25,58.75,8.0,50.0
0,FIRSTQUESTION