No,Stimulation,Intensity,Kassei,Hikassei,Kai,Fukai,Type
0,FIRSTQUESTION,27.25,42.25,5.25,7.75,0.5,49.5
1,Strong,33.75,34.5,73.0,55.0,18.0,11.0
0,FIRSTQUESTION,11.0,15.0,68.5,19.0,3.0,50.0
2,Weak,30.25,36.5,56.75,50.5,25.0,11.0
0,FIRSTQUESTION,4.75,23.75,68.5,23.5,0.25,50.5
3,Odorless,15.25,29.75,62.75,38.5,4.25,50.0
0,FIRSTQUESTION
0,FIRSTQUESTION,1.5,31.5,32.25,17.0,2.0,50.0
4,Weak,33.5,41.25,30.75,56.25,25.25,10.5
0,FIRSTQUESTION,5.0,22.0,74.75,4.0,5.0,49.0
5,Odorless,6.75,16.5,67.5,9.25,10.5,50.0
0,FIRSTQUESTION,0.0,3.5,61.25,12.5,3.0,50.0
6,Strong,72.25,74.25,31.75,39.75,59.5,3.75
0,FIRSTQUESTION
0,FIRSTQUESTION,2.75,5.0,33.75,6.0,4.5,50.5
7,Odorless,4.25,5.0,73.75,5.0,13.75,43.25
0,FIRSTQUESTION,1.25,7.0,78.75,13.75,4.0,50.0
8,Strong,80.25,76.25,12.0,35.25,74.25,5.75
0,FIRSTQUESTION,5.5,33.5,37.0,5.25,18.0,49.0
9,Weak,38.25,37.75,53.75,46.25,60.75,11.25
0,FIRSTQUESTION