No,Stimulation,Intensity,Kassei,Hikassei,Kai,Fukai,Type
0,FIRSTQUESTION,0.25,9.25,4.25,30.0,2.75,49.5
1,Weak,44.5,32.0,26.75,37.75,18.75,71.5
0,FIRSTQUESTION,8.0,13.5,9.0,22.0,9.0,49.75
2,Strong,78.75,63.5,18.25,22.25,69.25,9.5
0,FIRSTQUESTION,5.0,8.0,8.5,25.75,4.25,50.25
3,Odorless,3.5,6.75,22.5,27.0,7.25,50.25
0,FIRSTQUESTION
0,FIRSTQUESTION,3.75,6.25,7.5,19.75,2.25,50.25
4,Strong,94.5,80.25,15.0,12.25,93.0,19.75
0,FIRSTQUESTION,7.5,18.75,4.25,29.75,5.0,49.0
5,Odorless,50.0,50.0,50.0,50.0,50.0,48.75
0,FIRSTQUESTION,11.75,14.75,10.25,20.25,17.25,46.25
6,Weak,7.5,6.5,13.5,21.75,13.25,45.0
0,FIRSTQUESTION
0,FIRSTQUESTION,7.25,6.75,8.0,19.75,4.75,49.5
7,Odorless,7.75,6.75,6.0,2.5,10.5,46.25
0,FIRSTQUESTION,5.75,3.5,6.0,7.25,7.25,50.75
8,Weak,26.75,31.75,32.25,33.75,14.25,75.0
0,FIRSTQUESTION,5.0,11.0,7.5,18.5,12.0,50.0
9,Strong,78.75,51.75,7.5,6.25,67.75,8.25
0,FIRSTQUESTION