No,Stimulation,Intensity,Kassei,Hikassei,Kai,Fukai,Type
0,FIRSTQUESTION,0.0,6.0,27.5,38.75,0.25,50.0
1,Weak,34.0,36.5,34.75,6.25,60.0,30.0
0,FIRSTQUESTION,0.25,25.75,39.75,29.75,25.0,50.0
2,Strong,79.5,72.5,0.0,7.75,79.0,29.25
0,FIRSTQUESTION,0.25,8.0,37.5,32.0,0.25,50.0
3,Odorless,0.0,10.5,35.75,33.0,0.25,50.0
0,FIRSTQUESTION
0,FIRSTQUESTION,0.25,15.0,37.0,27.5,3.5,50.0
4,Odorless,0.0,16.25,44.0,34.75,0.0,50.0
0,FIRSTQUESTION,0.0,19.0,39.0,32.75,3.25,50.0
5,Weak,45.25,43.25,30.25,6.0,53.5,28.25
0,FIRSTQUESTION,0.0,13.5,37.0,28.75,7.25,50.0
6,Strong,83.75,82.0,3.0,1.25,82.0,31.5
0,FIRSTQUESTION
0,FIRSTQUESTION,0.0,13.75,38.75,36.25,4.75,51.75
7,Strong,71.75,74.5,20.25,28.25,64.0,28.75
0,FIRSTQUESTION,0.0,11.5,39.5,42.75,0.0,47.25
8,Odorless,0.0,10.25,55.75,36.75,0.0,49.5
0,FIRSTQUESTION,0.0,11.0,35.5,38.75,0.0,50.0
9,Weak,40.0,52.25,32.75,21.5,43.75,28.0
0,FIRSTQUESTION