No,Stimulation,Intensity,Kassei,Hikassei,Kai,Fukai,Type
0,FIRSTQUESTION,35.0,60.0,29.0,43.25,61.25,29.0
1,Strong,59.0,67.5,35.0,26.25,72.5,26.75
0,FIRSTQUESTION,49.25,28.25,73.75,62.5,38.25,50.0
2,Odorless,42.0,39.75,76.5,56.75,30.0,50.0
0,FIRSTQUESTION,46.5,41.75,62.25,60.25,33.25,61.25
3,Weak,60.25,61.75,50.5,40.5,75.0,25.25
0,FIRSTQUESTION
0,FIRSTQUESTION,60.0,27.5,50.25,61.0,30.0,34.5
4,Odorless,2.25,40.25,66.0,60.0,0.0,50.0
0,FIRSTQUESTION,37.0,59.0,33.5,35.75,61.0,32.25
5,Weak,64.5,73.25,29.0,31.0,72.25,33.75
0,FIRSTQUESTION,0.0,54.0,83.5,60.25,8.25,50.5
6,Strong,76.25,67.25,44.0,32.25,78.75,19.75
0,FIRSTQUESTION
0,FIRSTQUESTION,33.75,62.5,53.75,33.25,64.75,30.25
7,Weak,81.5,70.75,31.75,23.25,80.0,28.0
0,FIRSTQUESTION,0.0,27.0,61.75,44.75,32.0,50.0
8,Strong,94.0,78.5,29.75,22.25,76.25,26.5
0,FIRSTQUESTION,0.0,64.5,36.75,59.25,31.25,50.0
9,Odorless,29.75,61.0,35.0,38.75,60.5,34.25
0,FIRSTQUESTION