No,Stimulation,Intensity,Kassei,Hikassei,Kai,Fukai,Type
0,FIRSTQUESTION,36.75,56.0,70.25,42.5,42.5,33.0
1,Strong,62.0,78.25,29.25,19.25,79.0,24.25
0,FIRSTQUESTION,38.25,37.25,57.0,31.0,31.0,31.25
2,Odorless,24.25,39.25,67.75,56.25,34.25,35.25
0,FIRSTQUESTION,26.25,36.25,73.75,40.5,33.75,32.5
3,Weak,79.25,76.0,33.75,18.25,86.25,22.25
0,FIRSTQUESTION
0,FIRSTQUESTION,0.0,14.0,90.0,57.75,11.5,50.0
4,Odorless,56.5,41.75,68.5,40.5,65.5,36.25
0,FIRSTQUESTION,57.0,54.0,64.25,41.75,67.5,40.75
5,Weak,72.5,69.5,49.75,27.5,70.0,26.0
0,FIRSTQUESTION,1.0,35.5,61.25,42.75,30.75,50.0
6,Strong,80.5,74.75,38.25,31.25,78.25,27.0
0,FIRSTQUESTION
0,FIRSTQUESTION,54.25,59.0,60.25,40.25,64.0,33.25
7,Weak,87.0,64.5,40.75,15.5,79.75,26.0
0,FIRSTQUESTION,1.25,32.5,75.25,61.0,15.25,50.25
8,Strong,72.75,66.5,47.0,28.5,71.75,24.0
0,FIRSTQUESTION,0.0,58.0,61.25,58.75,18.5,50.0
9,Odorless,62.0,61.25,71.5,40.0,38.75,31.0
0,FIRSTQUESTION