No,Stimulation,Intensity,Kassei,Hikassei,Kai,Fukai,Type
0,FIRSTQUESTION,0.0,50.25,50.0,44.0,38.0,50.0
1,Odorless,9.25,39.5,40.5,49.0,50.0,50.0
0,FIRSTQUESTION,0.0,50.0,50.0,48.75,50.0,50.0
2,Weak,51.25,58.75,54.5,32.25,63.0,80.25
0,FIRSTQUESTION,50.0,57.25,58.0,34.75,63.75,77.75
3,Strong,72.0,70.0,41.75,5.75,93.25,71.0
0,FIRSTQUESTION
0,FIRSTQUESTION,0.75,50.0,50.0,50.0,50.0,50.0
4,Strong,50.0,50.0,50.5,38.75,60.0,80.5
0,FIRSTQUESTION,0.0,50.0,50.0,50.0,50.0,50.0
5,Odorless,0.0,50.0,50.0,50.0,50.0,50.0
0,FIRSTQUESTION,0.0,50.5,50.0,50.0,50.0,50.0
6,Weak,26.0,50.75,55.25,41.25,56.25,73.25
0,FIRSTQUESTION
0,FIRSTQUESTION,0.0,50.0,50.0,50.0,50.0,50.0
7,Weak,54.75,50.0,50.0,34.75,62.5,72.0
0,FIRSTQUESTION,0.0,50.0,50.0,50.0,50.0,50.0
8,Strong,80.5,59.0,43.75,24.0,84.25,76.25
0,FIRSTQUESTION,0.0,50.0,50.0,50.0,50.0,50.0
9,Odorless,0.0,50.0,50.0,50.0,50.0,50.0
0,FIRSTQUESTION