No,Stimulation,Intensity,Kassei,Hikassei,Kai,Fukai,Type
0,FIRSTQUESTION,0.0,2.75,89.75,50.0,9.25,51.25
1,Strong,10.5,19.5,75.5,45.0,59.75,33.5
0,FIRSTQUESTION,0.0,15.25,81.25,35.25,58.0,50.0
2,Odorless,0.0,7.0,93.0,7.75,12.25,50.0
0,FIRSTQUESTION,1.5,10.0,86.5,8.0,10.5,49.5
3,Weak,19.75,18.75,67.5,35.0,61.75,30.75
0,FIRSTQUESTION
0,FIRSTQUESTION,6.0,5.25,75.5,22.5,23.75,50.0
4,Weak,53.0,69.0,31.25,25.0,69.0,26.75
0,FIRSTQUESTION,0.25,26.25,62.25,15.5,14.25,50.0
5,Strong,71.0,64.5,21.0,20.75,63.5,19.75
0,FIRSTQUESTION,4.75,16.0,65.75,16.25,26.0,50.0
6,Odorless,0.5,6.75,87.5,6.0,2.5,50.0
0,FIRSTQUESTION
0,FIRSTQUESTION,7.0,17.5,80.5,20.0,12.25,50.0
7,Odorless,5.5,7.5,72.25,12.5,17.0,50.0
0,FIRSTQUESTION,8.75,50.0,54.75,19.75,18.75,47.75
8,Weak,44.0,60.0,39.75,18.75,62.75,22.25
0,FIRSTQUESTION,3.25,25.5,70.5,9.0,18.5,50.0
9,Strong,68.75,65.0,22.5,18.5,62.0,18.75
0,FIRSTQUESTION