No,Stimulation,Intensity,Kassei,Hikassei,Kai,Fukai,Type
0,FIRSTQUESTION,0.5,23.25,69.5,9.25,6.75,51.25
1,Weak,67.0,74.0,15.0,17.25,74.0,20.0
0,FIRSTQUESTION,0.25,7.75,38.75,8.0,15.5,50.5
2,Odorless,2.5,12.75,70.0,49.5,2.25,48.25
0,FIRSTQUESTION,0.75,23.75,40.25,8.5,0.75,49.5
3,Strong,85.75,86.75,11.75,12.0,70.25,68.0
0,FIRSTQUESTION
0,FIRSTQUESTION,13.5,12.25,3.75,8.0,15.25,51.25
4,Strong,90.25,82.0,16.75,26.0,86.0,6.5
0,FIRSTQUESTION,13.25,22.25,1.75,13.25,36.5,45.5
5,Weak,70.75,62.75,60.25,39.0,49.5,25.25
0,FIRSTQUESTION,0.25,0.25,33.0,12.25,7.25,49.5
6,Odorless,1.25,13.75,85.25,59.5,13.75,50.0
0,FIRSTQUESTION
0,FIRSTQUESTION,0.5,1.5,11.75,6.25,15.0,50.25
7,Odorless,0.25,11.75,89.25,63.0,7.0,50.25
0,FIRSTQUESTION,1.5,13.75,66.25,7.75,13.5,49.0
8,Strong,72.0,65.75,11.25,58.75,76.0,74.25
0,FIRSTQUESTION,5.75,23.0,18.5,13.25,27.0,51.0
9,Weak,69.25,57.75,4.25,23.75,76.75,23.5
0,FIRSTQUESTION