No,Stimulation,Intensity,Kassei,Hikassei,Kai,Fukai,Type
0,FIRSTQUESTION,37.25,24.25,43.25,8.0,34.25,30.75
1,Weak,37.0,29.5,67.0,13.75,58.5,18.5
0,FIRSTQUESTION,0.0,4.25,74.5,0.0,8.25,53.5
2,Strong,33.25,38.5,42.5,20.5,61.75,17.0
0,FIRSTQUESTION,0.25,16.75,67.5,11.0,26.0,50.0
3,Odorless,0.0,0.0,93.75,0.0,0.25,50.0
0,FIRSTQUESTION
0,FIRSTQUESTION,10.0,14.25,75.75,10.0,13.0,50.0
4,Odorless,34.75,31.0,71.5,47.5,24.25,65.5
0,FIRSTQUESTION,6.75,20.75,74.75,21.75,6.25,50.0
5,Weak,67.0,71.75,23.75,12.5,74.25,14.25
0,FIRSTQUESTION,0.25,2.25,86.25,17.75,3.75,50.25
6,Strong,80.75,81.25,16.0,3.75,77.25,11.25
0,FIRSTQUESTION
0,FIRSTQUESTION,27.0,24.25,62.0,16.75,20.75,28.25
7,Strong,83.25,85.5,11.25,6.25,74.5,30.75
0,FIRSTQUESTION,0.0,9.75,73.25,6.75,4.75,49.75
8,Odorless,18.5,13.5,82.0,42.25,20.75,67.25
0,FIRSTQUESTION,23.0,17.75,71.0,26.5,19.75,34.0
9,Weak,58.5,59.5,21.75,22.75,68.0,9.5
0,FIRSTQUESTION