No,Stimulation,Intensity,Kassei,Hikassei,Kai,Fukai,Type
0,FIRSTQUESTION,52.75,59.25,40.5,40.0,52.5,37.0
1,Strong,69.0,65.5,26.25,26.75,76.75,30.5
0,FIRSTQUESTION,15.25,36.5,76.5,49.5,51.0,50.0
2,Weak,75.0,67.5,28.25,18.0,83.5,25.5
0,FIRSTQUESTION,14.0,27.75,87.5,49.75,49.0,51.0
3,Odorless,2.75,4.5,100.0,56.0,47.25,50.5
0,FIRSTQUESTION
0,FIRSTQUESTION,0.5,14.0,84.75,61.25,41.25,50.0
4,Odorless,8.75,13.25,99.5,50.0,49.25,50.0
0,FIRSTQUESTION,6.5,4.0,100.0,58.5,35.25,50.0
5,Strong,57.25,60.75,56.25,42.0,53.5,36.5
0,FIRSTQUESTION,7.25,53.0,97.75,57.75,34.0,47.25
6,Weak,72.75,58.0,50.25,24.25,79.75,31.0
0,FIRSTQUESTION
0,FIRSTQUESTION,5.0,14.5,95.0,48.5,49.75,50.0
7,Weak,71.25,68.0,40.5,24.25,62.0,36.75
0,FIRSTQUESTION,10.5,16.75,100.0,59.25,40.5,49.25
8,Odorless,64.75,68.25,46.0,37.25,57.25,35.75
0,FIRSTQUESTION,12.0,33.0,83.5,46.25,57.0,47.75
9,Strong,93.25,69.25,39.25,12.5,89.5,21.0
0,FIRSTQUESTION