No,Stimulation,Intensity,Kassei,Hikassei,Kai,Fukai,Type
0,FIRSTQUESTION,15.25,27.0,25.0,16.75,2.0,51.0
1,Strong,75.25,72.25,13.5,60.25,27.25,77.0
0,FIRSTQUESTION,29.5,25.25,4.25,33.25,0.0,71.25
2,Weak,70.0,27.0,37.0,60.25,22.25,72.5
0,FIRSTQUESTION,19.5,21.25,56.0,22.25,0.0,77.0
3,Odorless,14.75,29.5,79.75,27.5,50.0,63.0
0,FIRSTQUESTION
0,FIRSTQUESTION,48.25,6.75,67.5,20.25,0.25,50.25
4,Weak,63.0,60.0,34.5,60.0,34.25,73.0
0,FIRSTQUESTION,0.0,34.5,36.25,39.75,13.5,49.75
5,Odorless,0.0,32.75,30.0,32.5,0.25,50.0
0,FIRSTQUESTION,0.0,29.75,60.5,24.0,13.25,49.75
6,Strong,81.25,58.5,26.5,59.75,36.75,73.25
0,FIRSTQUESTION
0,FIRSTQUESTION,0.25,27.0,61.0,31.0,9.75,50.25
7,Odorless,1.0,35.0,45.25,24.5,0.25,49.75
0,FIRSTQUESTION,0.0,16.75,30.75,32.0,11.25,50.75
8,Strong,77.25,65.5,30.25,62.75,30.75,75.0
0,FIRSTQUESTION,0.0,30.25,31.75,30.25,19.25,50.25
9,Weak,50.0,58.5,37.75,34.5,8.25,72.25
0,FIRSTQUESTION