No,Stimulation,Intensity,Kassei,Hikassei,Kai,Fukai,Type
0,FIRSTQUESTION,0.0,20.75,70.5,37.25,0.0,53.5
1,Weak,15.0,37.75,45.75,35.5,2.5,47.25
0,FIRSTQUESTION,0.0,35.5,66.75,37.75,1.75,48.75
2,Strong,46.25,61.75,23.75,29.5,55.75,18.25
0,FIRSTQUESTION,0.0,35.25,66.25,39.75,0.0,49.0
3,Odorless,0.0,35.75,71.75,38.0,0.0,49.75
0,FIRSTQUESTION
0,FIRSTQUESTION,0.0,29.25,70.0,34.5,0.0,48.5
4,Odorless,0.25,24.25,74.5,37.5,0.0,48.5
0,FIRSTQUESTION,0.0,25.75,75.25,30.75,0.0,48.5
5,Weak,4.0,36.0,66.75,10.0,16.25,51.75
0,FIRSTQUESTION,0.0,22.0,73.25,35.0,0.0,50.0
6,Strong,51.0,62.5,23.0,9.25,58.75,24.75
0,FIRSTQUESTION
0,FIRSTQUESTION,0.25,26.25,72.0,31.0,0.0,51.25
7,Strong,54.25,62.25,24.25,4.75,60.5,28.75
0,FIRSTQUESTION,0.0,21.75,68.0,33.5,2.25,47.25
8,Odorless,0.5,29.5,69.0,34.25,0.0,49.75
0,FIRSTQUESTION,0.0,34.5,69.75,36.5,0.0,49.0
9,Weak,5.0,28.5,75.0,24.0,0.75,50.0
0,FIRSTQUESTION