No,Stimulation,Intensity,Kassei,Hikassei,Kai,Fukai,Type
0,FIRSTQUESTION,1.5,30.25,19.25,21.25,5.25,49.5
1,Weak,35.75,32.5,15.0,18.75,41.75,2.25
0,FIRSTQUESTION,0.5,14.25,25.5,18.0,10.25,50.0
2,Odorless,0.0,9.5,30.0,24.25,6.0,50.0
0,FIRSTQUESTION,0.5,12.25,30.25,20.0,13.5,63.25
3,Strong,62.5,56.25,17.75,12.5,56.25,5.5
0,FIRSTQUESTION
0,FIRSTQUESTION,0.0,16.0,22.25,12.0,5.75,50.0
4,Strong,60.75,44.25,9.75,13.75,55.75,1.0
0,FIRSTQUESTION,1.5,9.75,25.75,19.75,4.25,51.25
5,Weak,27.5,34.75,15.0,12.75,33.5,4.25
0,FIRSTQUESTION,0.0,12.0,25.5,13.25,3.0,48.25
6,Odorless,0.0,9.25,32.75,11.0,8.75,48.25
0,FIRSTQUESTION
0,FIRSTQUESTION,0.5,6.25,23.75,13.0,15.5,50.5
7,Odorless,0.5,6.0,26.0,12.0,12.25,47.75
0,FIRSTQUESTION,1.75,12.25,27.75,10.25,16.0,50.0
8,Strong,59.75,48.75,10.75,9.0,51.5,3.25
0,FIRSTQUESTION,2.25,10.25,19.25,21.0,6.0,50.75
9,Weak,47.5,35.25,9.75,8.0,38.75,4.0
0,FIRSTQUESTION