No,Stimulation,Intensity,Kassei,Hikassei,Kai,Fukai,Type
0,FIRSTQUESTION,26.0,13.5,48.0,61.5,12.25,46.0
1,Strong,62.25,61.75,26.5,29.5,26.0,29.5
0,FIRSTQUESTION,16.25,23.0,21.75,25.0,22.5,48.0
2,Odorless,3.75,30.25,32.0,31.25,6.5,49.75
0,FIRSTQUESTION,11.5,12.0,77.0,13.5,12.25,46.25
3,Weak,78.75,87.0,4.75,0.25,90.25,3.0
0,FIRSTQUESTION
0,FIRSTQUESTION,19.75,20.25,9.0,7.75,10.75,44.75
4,Weak,64.0,59.75,43.0,24.0,31.25,23.5
0,FIRSTQUESTION,17.75,25.75,24.0,25.25,16.75,50.0
5,Strong,92.5,90.5,1.0,4.75,92.0,3.0
0,FIRSTQUESTION,10.25,11.5,0.0,13.5,9.75,50.0
6,Odorless,3.0,17.0,78.25,55.5,0.0,44.5
0,FIRSTQUESTION
0,FIRSTQUESTION,4.5,0.0,7.75,28.5,46.5,43.0
7,Odorless,49.75,1.75,70.75,35.5,9.0,50.0
0,FIRSTQUESTION,39.5,25.75,21.0,20.0,23.25,49.25
8,Weak,63.75,70.25,28.75,20.25,54.75,21.5
0,FIRSTQUESTION,30.0,14.5,21.5,24.75,18.0,46.75
9,Strong,87.0,77.0,10.75,6.25,82.0,5.0
0,FIRSTQUESTION