No,Stimulation,Intensity,Kassei,Hikassei,Kai,Fukai,Type
0,FIRSTQUESTION,0.0,49.75,43.25,51.0,50.0,51.0
1,Weak,43.75,60.25,41.5,39.5,58.0,67.5
0,FIRSTQUESTION,0.0,57.25,41.5,50.0,50.0,50.75
2,Strong,59.25,66.25,35.25,31.75,70.5,64.5
0,FIRSTQUESTION,0.25,56.5,42.25,49.75,50.0,50.0
3,Odorless,0.0,56.75,43.5,49.75,50.0,50.0
0,FIRSTQUESTION
0,FIRSTQUESTION,0.0,55.25,40.75,50.0,50.0,50.0
4,Strong,57.5,69.75,33.25,37.25,70.0,67.5
0,FIRSTQUESTION,0.0,53.25,44.0,51.25,50.0,50.0
5,Odorless,0.0,57.25,42.75,50.25,50.0,50.0
0,FIRSTQUESTION,0.25,54.25,42.75,50.0,50.0,43.25
6,Weak,44.25,55.75,43.0,34.75,56.5,69.25
0,FIRSTQUESTION
0,FIRSTQUESTION,0.0,56.25,44.25,51.0,50.0,49.75
7,Odorless,0.5,54.0,41.75,49.0,50.0,50.0
0,FIRSTQUESTION,0.0,54.75,42.5,50.25,50.0,50.0
8,Weak,45.5,58.75,43.75,46.0,58.5,72.25
0,FIRSTQUESTION,0.0,58.0,45.75,34.75,51.0,50.0
9,Strong,60.5,57.5,41.25,33.5,67.0,70.25
0,FIRSTQUESTION