No,Stimulation,Intensity,Kassei,Hikassei,Kai,Fukai,Type
0,FIRSTQUESTION,13.5,24.0,21.25,8.0,7.0,50.0
1,Weak,55.25,32.75,24.25,6.5,53.5,6.25
0,FIRSTQUESTION,42.0,27.0,22.75,12.25,18.75,48.5
2,Odorless,12.5,12.0,43.0,2.25,16.25,50.0
0,FIRSTQUESTION,50.0,16.0,21.5,17.5,19.25,50.0
3,Strong,95.25,71.25,23.5,10.75,86.0,11.5
0,FIRSTQUESTION
0,FIRSTQUESTION,17.5,23.5,17.5,6.25,12.25,50.0
4,Odorless,16.25,22.75,25.0,20.0,19.25,51.0
0,FIRSTQUESTION,8.75,24.75,30.5,9.25,8.75,46.75
5,Weak,54.75,45.5,6.25,8.25,49.0,26.75
0,FIRSTQUESTION,14.75,22.25,16.25,20.25,26.5,53.0
6,Strong,90.75,61.5,6.25,0.0,92.75,3.25
0,FIRSTQUESTION
0,FIRSTQUESTION,17.25,20.0,13.0,1.25,4.5,50.0
7,Weak,43.0,46.25,12.5,6.5,51.25,32.0
0,FIRSTQUESTION,7.5,30.5,18.75,3.5,5.5,50.0
8,Strong,93.25,94.25,7.25,3.0,93.75,3.75
0,FIRSTQUESTION,12.5,28.75,32.75,5.0,7.25,39.75
9,Odorless,11.25,25.5,30.0,6.75,15.0,48.5
0,FIRSTQUESTION